name	objID	ra	dec	run	rerun	camcol	field	type	modelMag_u	modelMag_g	modelMag_r	modelMag_i	modelMag_z
IC1683	1237678894426095668	20.6622240993867	34.4371428341322	7781	301	5	68	GALAXY	15.78698	14.2876	13.36701	12.92266	12.58335
IC1755	1237653652921057594	29.2907729570726	14.5498693138197	1904	301	5	339	GALAXY	16.33073	14.45224	13.56609	13.11579	12.73214
IC5376	1237666184037400587	0.332419905855261	34.5256622067563	4822	301	2	528	GALAXY	16.30333	14.44343	13.49542	13.00131	12.60964
MCG-02-02-030	1237652628564934771	7.53047548367613	-11.1136235497666	1666	301	1	241	GALAXY	15.19765	13.5557	12.73574	12.33484	12.10558
MCG-02-51-004	1237668756164640875	303.916093610528	-13.6220010053967	5421	301	1	203	GALAXY	15.87711	14.267	13.40523	12.93979	12.62308
NGC1035	1237652900765368342	39.8714021545336	-8.13359299676582	1729	301	4	346	GALAXY	14.58986	13.08204	12.30507	11.86221	11.5356
NGC1056	1237670960014884873	40.7013225201217	28.5741143447242	5934	301	2	129	GALAXY	14.84767	13.20254	12.27152	11.77766	11.40873
NGC1093	1237670962164858920	42.0672265156921	34.4198091042949	5934	301	6	167	GALAXY	15.47485	13.76879	12.9892	12.59391	12.26245
NGC1667	1237676302410383439	72.1549262392535	-6.31998019263894	7178	301	1	23	GALAXY	14.73185	13.00286	12.13965	11.74379	11.32753
NGC169	1237666308025679980	9.21504065008145	23.9909392365472	4851	301	1	87	GALAXY	16.03366	13.80853	12.58436	11.95731	11.53411
NGC2410	1237653588477411643	113.759424194071	32.8220951194597	1889	301	5	47	GALAXY	15.25446	13.47311	12.57129	12.09252	11.74267
NGC2639	1237651249874665544	130.908641985177	50.2055515038545	1345	301	1	153	GALAXY	14.04585	12.19914	11.29145	10.92162	10.5535
NGC2683	1237660634912456752	133.172184797927	33.4218196922736	3530	301	2	113	GALAXY	12.83549	11.11675	9.952479	9.440468	9.076922
NGC2742	1237663529726836751	136.889914186548	60.479452665966	4204	301	2	211	GALAXY	13.32498	12.06074	11.38957	11.00041	10.82862
NGC2782	1237657874865193078	138.521388038759	40.1136477900927	2887	301	5	206	GALAXY	13.54542	12.49754	11.8586	11.6124	11.30691
NGC2841	1237654652569976914	140.511195162827	50.9766040646934	2137	301	3	267	GALAXY	12.67249	10.76242	9.879772	9.423346	9.099245
NGC3160	1237661139033784476	153.479661108075	38.8429367418587	3647	301	5	106	GALAXY	16.50595	14.61443	13.70754	13.20591	12.85741
NGC3198	1237658612513374224	154.982195433596	45.5511922102206	3059	301	3	16	GALAXY	13.45351	11.84132	11.20285	10.63657	10.37001
NGC3227	1237667735033807039	155.877354023104	19.8651974905977	5183	301	3	167	GALAXY	13.49477	12.35623	12.27438	15.81521	11.13125
NGC3310	1237657219874881638	159.691058904137	53.5033736482598	2735	301	1	87	GALAXY	12.59886	11.59206	11.20404	11.00523	10.78238
NGC3623	1237661813878947918	169.732959608624	13.0923133825506	3804	301	6	82	GALAXY	12.78786	10.74234	9.826006	9.341691	9.076277
NGC3672	1237671166709006390	171.260163114876	-9.7953395966307	5982	301	3	111	GALAXY	13.68642	12.14163	11.32753	10.89915	10.63403
NGC3675	1237661850391412815	171.535649901184	43.5860209485016	3813	301	2	162	GALAXY	13.55699	11.6261	10.65078	10.18426	9.798309
NGC3718	1237657858218786839	173.145191560699	53.0679057805183	2883	301	6	154	GALAXY	15.29475	13.35398	11.80866	11.02803	10.42845
NGC3815	1237667911663157350	175.413722532496	24.800500035153	5224	301	4	149	GALAXY	15.3475	13.78698	13.0298	12.66279	12.40324
NGC3900	1237667322717143063	177.289414448395	27.0220223898534	5087	301	3	170	GALAXY	14.09905	12.2773	11.50177	11.09147	10.84703
NGC3949	1237661358079344682	178.423843842553	47.8587118737483	3698	301	5	140	GALAXY	12.93792	11.58379	11.09945	10.8272	10.6973
NGC4062	1237665226230202499	181.015943590557	31.8957877321648	4599	301	2	78	GALAXY	13.41249	12.27127	11.25133	10.82436	10.58682
NGC4088	1237658613595111438	181.392539586834	50.5393397418628	3059	301	5	138	GALAXY	14.13715	12.52836	11.6151	11.10324	10.77274
NGC4258	1237660635467219004	184.739603024174	47.3039672136064	3530	301	3	386	GALAXY	12.50407	10.91693	10.09777	9.658436	9.381697
NGC4293	1237668591333802010	185.303434669349	18.3826981990773	5382	301	6	28	GALAXY	13.83923	11.99707	11.10022	10.64079	10.38184
NGC4310	1237665440975356008	185.609572932815	29.2090337259872	4649	301	2	29	GALAXY	14.8141	13.30506	12.54327	12.13569	11.87883
NGC4414	1237665328779231263	186.612681058834	31.2311988661385	4623	301	1	180	STAR	24.63469	22.40011	20.21815	19.47181	18.96808
NGC4424	1237662236930342973	186.798993693635	9.42021779342339	3903	301	2	38	STAR	19.49337	18.98496	19.03505	19.0176	18.49536
NGC4450	1237668589723910186	187.123280696347	17.0850106919921	5382	301	3	39	GALAXY	13.46513	11.56297	10.69802	10.27943	9.996951
NGC4451	1237658491745599505	187.168831298127	9.25946247391218	3031	301	2	446	GALAXY	14.47167	13.19864	12.56256	12.26352	12.08651
NGC4527	1237651754014081048	188.535176744346	2.65376443467824	1462	301	4	422	GALAXY	13.95179	12.07336	10.97956	10.36629	9.932092
NGC4580	1237654880725893149	189.451612549802	5.36852623084692	2190	301	4	50	GALAXY	14.11895	12.46431	11.69014	11.30173	11.12036
NGC4625	1237661965821280329	190.469663711055	41.2739588152336	3840	301	1	202	GALAXY	14.14619	13.02174	12.453	12.19166	12.01306
NGC4632	1237648721235410986	190.63350061837	-0.082775559170281	756	301	3	500	GALAXY	13.90556	12.71682	12.14705	11.87834	11.59001
NGC4651	1237668623014952982	190.927691831231	16.3933272084487	5390	301	1	116	GALAXY	13.58202	11.97676	11.1735	10.72692	10.40616
NGC4666	1237671764249477200	191.285849009165	-0.461896017103438	6121	301	4	159	GALAXY	13.49537	11.89846	10.90554	10.39335	9.992348
NGC4698	1237661972799225958	192.095413814735	8.48739836205219	3841	301	6	181	GALAXY	13.39585	11.50287	10.69944	10.27239	10.04975
NGC5033	1237664844511117384	198.364561975781	36.5938990997391	4510	301	3	19	GALAXY	13.62507	11.83694	10.87805	10.36829	10.00097
NGC5055	1237662195067912236	198.955280207773	42.0294048273229	3893	301	4	244	GALAXY	11.0065	11.07855	10.17861	13.64022	9.317443
NGC5248	1237662236937945133	204.383421667431	8.88518238424908	3903	301	2	154	GALAXY	13.36453	11.88604	11.07333	10.65404	10.25877
NGC5303	1237664295297810527	206.937443692098	38.3046181109553	4382	301	4	105	GALAXY	15.06646	13.87257	13.4106	12.84593	12.87391
NGC5395	1237662225149722680	209.65821063132	37.4245054106365	3900	301	4	504	GALAXY	14.69005	13.07853	12.20617	11.70877	11.2997
NGC5448	1237661958297419781	210.708447457661	49.1726608853517	3838	301	3	85	GALAXY	14.87891	12.88213	11.93468	11.42965	11.11157
NGC5635	1237665178448560204	217.132267197014	27.4090074225273	4588	301	1	76	GALAXY	15.11244	13.12839	12.13404	11.61191	11.22147
NGC5678	1237655464312963103	218.023363776455	57.9215093533284	2326	301	3	178	GALAXY	14.12801	12.35318	11.4328	11.02607	10.73028
NGC5692	1237651821637206145	219.575525138847	3.41035861470745	1478	301	2	77	GALAXY	14.94407	14.13713	13.69054	13.47451	13.22889
NGC5949	1237665583246278720	232.002787860399	64.7631738843544	4682	301	3	31	GALAXY	13.78353	12.56238	11.93921	11.57559	11.32714
NGC5980	1237667783929430233	235.376838655869	15.7876724839813	5194	301	6	783	GALAXY	14.99545	13.39651	12.58357	12.14634	11.87904
NGC6015	1237671941411176492	237.855244006048	62.3100650070486	6162	301	6	72	GALAXY	13.3985	12.01222	11.29843	10.96346	10.89997
NGC6106	1237662200438456464	244.695721739394	7.40949440989812	3894	301	6	272	GALAXY	14.72812	13.21399	12.56034	12.28355	12.0625
NGC6132	1237668366927397237	245.91183178439	11.786242551539	5330	301	4	114	GALAXY	16.14305	14.47813	13.77607	13.4368	13.17502
NGC615	1237679438809595998	23.773709213609	-7.34020430607438	7908	301	3	13	GALAXY	14.42521	12.43811	11.57243	11.14544	10.83193
NGC6181	1237662698115432477	248.087265416559	19.8264290076924	4010	301	5	236	GALAXY	14.76041	12.5838	11.72157	11.25304	11.0453
NGC6186	1237662226239717437	248.606192754297	21.5408580344476	3900	301	6	752	GALAXY	15.80172	14.38676	13.59261	13.22204	12.89693
NGC6207	1237655472359342226	250.765200924533	36.8321020016648	2328	301	2	76	GALAXY	20.41753	18.89639	18.04152	17.59355	17.3174
NGC6394	1237659897246580848	262.589264392507	59.6398881456315	3358	301	4	33	GALAXY	16.19435	14.62405	13.82609	13.39369	13.0516
NGC6978	1237652935641858247	313.147645582733	-5.71112034340604	1737	301	5	39	GALAXY	15.6139	13.75322	12.82773	12.37773	12.0329
NGC7311	1237669761187643467	338.528303001087	5.57033035532145	5655	301	1	213	GALAXY	15.04018	13.03662	12.09078	11.60783	11.27786
NGC7364	1237663543150837809	341.101539693838	-0.162082992556935	4207	301	3	245	GALAXY	15.04029	13.27896	12.40093	11.98204	11.63629
NGC7466	1237672765513007218	345.514425494779	27.0525967344425	6354	301	5	148	GALAXY	15.95083	14.35973	13.5623	13.108	12.78439
NGC7479	1237678920198783025	346.236033178906	12.3228929584553	7787	301	5	112	GALAXY	14.45424	12.85078	11.95054	11.51262	11.04453
NGC7536	1237652942096695356	348.554943805385	13.426379749584	1739	301	1	228	GALAXY	15.2755	13.83775	13.15716	12.77996	12.49595
NGC7541	1237679005021831291	348.682865794033	4.53407591165552	7807	301	3	73	GALAXY	14.01764	12.53019	11.61013	11.14745	10.75968
NGC7591	1237669516900434014	349.567750137442	6.58579148128735	5598	301	2	46	GALAXY	15.65969	13.63977	12.64947	12.15102	11.70467
NGC7608	1237669682257199333	349.813779794678	8.35009475111914	5636	301	6	54	GALAXY	16.28977	14.70845	13.87479	13.43587	13.09801
NGC7625	1237672764443918530	350.125588901009	17.225551555088	6354	301	3	219	GALAXY	13.98546	12.23172	11.52522	11.16788	10.81269
NGC7631	1237669519048310806	350.361147965543	8.21763043522025	5598	301	6	52	GALAXY	15.3977	13.67455	12.84756	12.40387	12.12721
NGC772	1237679461366825013	29.8314949668267	19.0076439676788	7913	301	5	145	GALAXY	13.85322	12.02818	11.14011	10.67096	10.33872
NGC7738	1237663277925990500	356.008578419483	0.516613728821827	4145	301	5	83	GALAXY	15.69563	13.83015	12.88485	12.40251	12.03484
NGC7782	1237669518514913516	358.474512860694	7.97059400856518	5598	301	5	105	GALAXY	15.1978	13.13976	12.19318	11.68291	11.35761
NGC7787	1237663277927366664	359.032572184989	0.549464270342024	4145	301	5	104	GALAXY	16.50937	14.80811	13.89801	13.40167	13.01845
UGC10331	1237665584323493902	244.33803536113	59.3201297344259	4682	301	5	84	GALAXY	15.80773	14.68332	14.05174	13.82872	13.56801
UGC10384	1237668335789736327	246.694510672664	11.5802612209155	5323	301	2	127	GALAXY	17.21865	15.1265	14.18511	13.72269	13.3032
UGC1057	1237653651307495648	22.2218899750902	13.7938006142681	1904	301	2	294	GALAXY	16.23681	14.77429	14.03769	13.66507	13.36757
UGC10972	1237666211927752776	266.591331609521	26.5438087411494	4828	301	6	117	GALAXY	16.35265	14.5458	13.7015	13.23471	12.99331
UGC12519	1237678600227258633	350.011528310818	15.9527955699097	7713	301	1	166	GALAXY	15.60177	14.30488	13.59866	13.24038	12.93856
UGC148	1237653653447245873	3.9637311978251	16.0898220024593	1904	301	6	176	GALAXY	15.01759	14.02561	13.38063	13.03687	12.72211
UGC1938	1237670960549003477	37.092229232006	23.2146240345622	5934	301	3	87	GALAXY	16.64175	14.95506	14.05664	13.57942	13.13245
UGC2405	1237670016735117514	43.9898977377816	6.49478138944602	5714	301	5	166	GALAXY	16.21636	14.76279	14.00622	13.57424	13.27553
UGC36	1237669516905545750	1.30785695506989	6.77200944897291	5598	301	2	124	GALAXY	15.97688	14.17253	13.27016	12.81094	12.36548
UGC3944	1237651192423710756	114.652107959513	37.6334947626873	1331	301	6	65	GALAXY	15.96035	14.46665	13.79888	13.44366	13.27641
UGC3969	1237657594071023725	115.309764447193	27.6140603238552	2822	301	2	43	GALAXY	17.05303	15.48689	14.52588	14.03011	13.57244
UGC4132	1237657607495418205	119.804361838329	32.9146744727576	2825	301	3	83	GALAXY	15.92195	14.10455	13.16594	12.67166	12.28912
UGC5359	1237667783357169758	149.715184908419	19.2149772421281	5194	301	5	243	GALAXY	16.46839	14.8187	14.07796	13.68007	13.44761
UGC5396	1237661065490399347	150.418707295151	10.7564282933847	3630	301	4	227	GALAXY	16.08798	14.52951	13.81679	13.44748	13.22447
UGC5598	1237667736107483322	155.558352854768	20.589408587512	5183	301	5	166	GALAXY	16.48147	14.92988	14.17135	13.79224	13.53
UGC7145	1237664819824164962	182.462435508833	38.2186199007782	4504	301	5	158	GALAXY	16.01045	14.6056	13.92314	13.58019	13.36051
UGC7901	1237668623014952982	190.927691831231	16.3933272084487	5390	301	1	116	GALAXY	13.58202	11.97676	11.1735	10.72692	10.40616
UGC9873	1237662501076533377	232.461045853951	42.6289203615202	3964	301	6	125	GALAXY	16.56666	15.21508	14.50832	14.17256	13.90572
UGC9892	1237662500003315896	233.216436855441	41.1914507694383	3964	301	4	133	GALAXY	16.30022	14.83722	14.12717	13.74366	13.47422
